Matriz 5x5 (4 pontos de entrega)

5 5
D 0 0 0 0
0 0 0 0 C
0 0 0 0 0
0 A 0 B 0
R 0 0 0 0


Matriz 6x8 (10 pontos de entrega)

6 8
0 0 0 0 0 0 0 0 
0 A 0 0 D 0 0 H 
0 0 J 0 0 0 0 0 
0 B 0 C 0 F 0 0 
0 0 0 0 0 0 0 G 
R 0 E 0 0 I 0 0 


Matriz 7x8 (13 pontos de entrega)

7 8
0 F 0 0 G 0 0 0
0 0 0 K 0 0 0 E
I 0 0 0 0 L 0 0
0 0 C 0 D 0 0 M
0 0 0 0 0 0 J 0
0 0 A 0 0 B 0 0
R 0 0 0 0 0 0 H


Matriz 10x12 (16 pontos de entrega)
10 12

0 D 0 0 0 0 0 0 I 0 0 0
0 0 0 0 0 0 0 0 0 0 0 0
N 0 0 0 0 C 0 0 0 0 0 H
0 0 0 0 0 0 0 S 0 0 0 0
0 0 B 0 0 0 0 0 0 E 0 0
0 0 0 0 K 0 0 0 0 0 0 L
0 0 0 0 0 0 0 0 F 0 0 0
0 A 0 0 0 W 0 0 0 0 0 0
0 0 0 M 0 0 0 0 0 0 G 0
R 0 0 0 0 0 J 0 0 0 0 0

Matriz 12x15 (19 pontos de entrega)
12 15

0 0 0 0 0 0 0 0 0 0 0 0 0 0 0
0 0 0 E 0 0 0 0 0 0 0 0 0 P 0
0 0 0 0 0 0 0 0 0 0 D 0 0 0 0
0 0 0 0 O 0 0 0 0 0 0 0 0 0 L
H 0 X 0 0 0 0 J 0 0 0 0 0 0 0
0 0 0 0 0 0 0 0 0 0 0 M 0 0 0
0 0 0 K 0 0 0 0 0 0 0 0 0 0 I
0 0 0 0 0 B 0 0 N 0 0 0 0 0 0
0 G 0 0 0 0 0 0 0 0 0 0 0 F 0
0 0 0 0 0 0 0 0 C 0 0 V 0 0 0
0 0 0 A 0 0 0 0 Q 0 0 0 0 0 0
R 0 0 0 0 0 0 0 0 0 0 0 0 0 I


(27 pontos de entrega)
12 15
H 0 0 0 0 0 0 0 0 0 0 M 0 0 0
0 0 0 K 0 0 0 0 0 0 0 0 0 0 I
0 0 0 0 0 B 0 0 N 0 0 0 0 0 O
0 G 0 0 0 0 0 0 0 0 0 0 0 F 0
0 0 0 0 0 0 0 0 C 0 0 V 0 0 0
0 0 0 A 0 0 0 0 Q 0 0 0 0 0 0
J 0 0 0 0 0 0 0 0 0 0 0 0 0 S
0 0 0 0 W 0 0 0 0 0 0 U 0 0 0
0 0 Y 0 0 0 0 0 0 0 0 Z 0 0 0
0 0 P 0 0 0 0 0 0 0 0 0 0 0 L
0 X 0 0 T 0 0 0 0 0 0 0 0 0 Ç
R 0 0 0 0 0 0 0 0 0 0 0 D 0 E
